122
54
133
128
117
114
51
122
54
133
128
117
114
51
122
54
133
128
117
114
51
122
54
133
128
117
114
51
122
133
117
114
128
54
51
122
133
117
114
128
54
51
122
133
117
114
128
54
51
122
133
117
114
128
54
51
122
133
117
114
128
54
51
122
133
117
114
128
54
51
122
133
117
114
128
54
51
122
133
117
114
128
54
51
122
133
117
114
128
54
51
122
133
117
114
128
54
51
122
133
117
114
128
54
51
122
133
117
114
128
54
51
122
133
117
114
128
54
51
122
133
117
114
128
54
51
122
133
117
114
128
54
51
122
133
117
114
128
54
51
122
133
117
114
128
54
51
122
133
117
114
128
54
51
122
133
117
114
128
54
51
122
133
117
114
128
54
51
122
133
117
114
128
54
51
122
133
117
114
128
54
51
122
133
117
114
128
54
51
122
133
117
114
128
54
51
122
133
117
133
117
114
128
54
51
122
133
117
114
128
54
51
122
133
117
114
128
54
51
122
133
117
114
128
54
51
122
133
117
114
128
54
51
122
133
117
114
128
54
51
122
133
117
114
128
54
51
122
133
117
114
128
54
51
122
133
117
114
128
54
51
122
133
117
114
128
54
51
122
