57
48
64
48
59
33
69
57
48
64
48
59
33
69
57
48
64
48
59
33
69
57
48
64
48
59
33
69
57
64
59
33
48
48
69
57
64
59
33
48
48
69
57
64
59
33
48
48
69
57
64
59
33
48
48
69
57
64
59
33
48
48
69
57
64
59
33
48
48
69
57
64
59
33
48
48
69
57
64
59
33
48
48
69
57
64
59
33
48
48
69
57
64
59
33
48
48
69
57
64
59
33
48
48
69
57
64
59
33
48
48
69
57
64
59
33
48
48
69
57
64
59
33
48
48
69
57
64
59
33
48
48
69
57
64
59
33
48
48
69
57
64
59
33
48
48
69
57
64
59
33
48
48
69
57
64
59
33
48
48
69
57
64
59
33
48
48
69
57
64
59
33
48
48
69
57
64
59
33
48
48
69
57
64
59
33
48
48
69
57
64
59
33
48
48
69
57
64
59
33
64
59
33
48
48
69
57
64
59
33
48
48
69
57
64
59
33
48
48
69
57
64
59
33
48
48
69
57
64
59
33
48
48
69
57
64
59
33
48
48
69
57
64
59
33
48
48
69
57
64
59
33
48
48
69
57
64
59
33
48
48
69
57
64
59
33
48
48
69
57
